-3.295254 -90.042503 -34.846653
-3.249524 -89.752228 -35.265385
-3.244688 -90.449974 -35.150761
-3.228762 -98.587318 -36.712273
-3.219169 -84.820045 -24.829430
-3.218025 -98.296494 -37.125290
-3.216900 -85.100441 -37.492836
-3.214547 -104.459869 -35.380024
-3.212934 -102.598267 -37.140755
-3.202502 -85.111298 -24.420887
-3.196254 -94.699898 -28.282598
-3.192952 -94.580719 -31.934122
-3.192802 -100.330276 -38.608662
-3.188083 -84.694221 -37.201691
-3.185745 -91.387032 -27.743004
-3.185526 -84.287582 -36.906258
-3.184805 -98.703697 -37.426567
-3.184566 -96.726387 -38.479958
-3.184269 -71.964500 -36.040031
-3.182003 -88.540344 -25.672661
-3.181841 -74.404610 -37.815529
-3.181743 -95.864090 -26.639914
-3.181630 -102.889748 -36.734604
-3.181562 -89.287003 -36.806126
-3.181453 -88.414040 -38.039932
-3.180779 -79.989510 -32.534298
-3.180436 -103.005455 -37.441914
-3.180360 -102.714470 -37.853188
-3.180197 -75.102303 -37.700386
-3.179995 -85.392014 -37.087597
-3.179553 -95.397827 -28.169912
-3.178924 -104.053757 -35.089989
-3.178851 -102.725121 -24.779139
-3.178736 -74.811333 -38.111889
-3.178457 -100.449738 -34.960018
-3.178283 -79.582870 -32.238853
-3.176808 -80.683693 -36.777634
-3.176373 -94.289993 -32.348095
-3.176185 -79.698593 -32.946312
-3.175710 -85.227409 -25.132376
-3.175477 -86.380745 -36.561657
-3.175345 -93.595886 -28.105576
-3.174889 -87.425484 -38.567684
-3.174482 -96.270882 -26.936949
-3.174449 -74.695709 -37.405472
-3.174134 -84.123093 -24.952196
-3.173027 -94.696724 -32.644489
-3.172101 -98.879196 -36.310261
-3.171922 -97.890541 -36.836967
-3.171871 -85.518463 -24.721739
-3.171772 -79.407669 -33.358295
-3.171249 -92.137451 -34.520664
-3.171219 -100.334160 -34.254086
-3.171057 -88.831505 -25.263184
-3.171022 -100.043175 -34.665382
-3.170920 -78.538254 -30.234127
-3.170583 -102.434265 -25.191751
-3.170382 -104.169579 -35.798500
-3.170318 -77.079773 -36.648643
-3.170307 -78.657494 -26.583242
-3.169884 -98.994919 -37.017738
-3.169854 -75.393456 -37.290810
-3.169754 -84.414146 -24.541649
-3.169119 -86.787521 -36.858547
-3.169079 -95.573296 -27.053246
-3.168936 -100.744423 -30.192211
-3.168757 -72.371422 -36.338413
-3.168596 -100.740883 -34.550365
-3.168275 -78.948517 -26.172310
-3.168263 -94.991333 -27.875906
-3.167948 -92.723030 -29.340574
-3.167751 -86.089874 -36.974182
-3.167590 -93.182243 -36.527191
-3.167358 -80.105408 -33.243603
-3.167317 -87.716591 -38.157658
-3.167067 -91.730843 -34.225494
-3.166740 -79.814423 -33.654968
-3.166680 -73.707176 -37.933418
-3.166415 -81.090538 -37.075180
-3.166365 -91.727310 -38.583710
-3.166278 -91.320633 -38.287872
-3.166229 -102.427246 -33.908661
-3.166163 -101.028366 -38.497597
-3.166093 -74.986832 -36.995575
-3.165788 -104.867317 -35.683838
-3.165657 -103.762970 -35.503422
-3.165217 -91.503036 -28.453470
-3.165188 -86.496590 -37.270451
-3.165160 -97.599663 -37.249336
-3.164862 -96.562019 -26.527256
-3.164825 -84.529915 -25.249567
-3.164348 -94.286636 -36.708157
-3.164335 -102.020599 -33.613121
-3.164240 -103.181015 -36.326180
-3.164163 -67.196831 -37.558323
-3.163935 -80.974884 -36.368469
-3.163868 -92.309326 -37.761589
-3.163195 -92.428574 -34.110714
-3.162818 -80.392921 -37.191181
-3.162465 -88.123344 -38.454300
-3.162351 -87.309990 -37.862617
-3.162258 -94.293755 -27.992300
-3.161527 -74.113937 -38.230110
-3.161095 -73.998253 -37.523067
-3.160918 -92.025475 -29.457136
-3.160721 -91.029732 -38.700043
-3.160702 -92.716057 -38.057957
-3.160660 -71.211136 -33.626694
-3.160627 -102.192413 -36.853447
-3.160565 -95.107140 -28.584276
-3.160356 -95.454201 -30.705654
-3.160222 -92.432159 -29.753099
-3.160089 -93.589035 -36.824265
-3.160019 -92.719612 -33.699970
-3.159866 -102.893639 -32.380058
-3.159616 -69.756203 -35.683182
-3.159283 -78.941574 -34.889977
-3.159023 -75.509308 -37.999695
-3.158849 -100.621803 -38.202942
-3.158472 -74.639893 -34.875477
-3.158459 -96.320114 -38.188370
-3.158424 -72.778267 -36.635952
-3.158150 -79.292198 -32.653408
-3.158057 -78.945137 -30.532078
-3.157995 -82.146027 -26.008186
-3.157933 -96.846031 -34.833321
-3.157794 -94.872261 -31.528601
-3.157708 -92.018433 -38.173859
-3.157661 -91.096481 -28.158854
-3.157334 -73.591637 -37.227833
-3.157232 -76.788986 -37.062046
-3.157222 -88.134056 -25.380857
-3.156739 -76.673309 -36.355011
-3.156689 -89.238411 -25.561380
-3.156682 -80.284424 -27.768869
-3.156399 -98.181778 -36.428238
-3.156294 -67.663246 -36.029964
-3.156276 -99.924179 -38.318775
-3.156141 -79.060852 -31.239506
-3.156129 -88.996414 -37.221542
-3.156000 -76.382324 -36.766396
-3.155821 -97.610435 -24.176563
-3.155741 -73.184982 -36.932240
-3.155681 -67.312653 -38.266819
-3.154724 -83.832405 -25.366631
-3.154533 -80.799728 -37.488384
-3.154521 -72.375191 -31.982639
-3.154306 -101.154869 -26.132351
-3.154101 -75.800377 -37.589233
-3.153931 -71.502228 -33.216526
-3.153811 -93.249161 -25.987749
-3.153589 -69.062172 -31.441481
-3.153584 -98.472809 -36.017433
-3.153535 -68.013901 -33.793659
-3.153502 -99.465012 -31.132671
-3.153453 -98.592041 -32.366470
-3.153402 -73.300705 -37.639736
-3.153301 -97.021408 -33.715702
-3.153263 -88.425110 -24.970240
-3.153186 -92.547958 -30.461363
-3.153105 -92.316582 -29.047148
-3.152947 -90.335732 -34.458626
-3.152882 -69.353172 -31.030333
-3.152874 -70.920265 -34.039227
-3.152866 -94.988029 -32.236519
-3.152750 -101.035667 -29.783588
-3.152745 -78.124779 -38.657444
-3.152725 -67.607231 -33.497940
-3.152718 -89.462761 -35.692455
-3.152603 -79.351898 -30.828819
-3.152499 -104.345161 -34.683041
-3.152468 -78.542091 -25.879042
-3.152321 -91.611839 -37.878887
-3.152317 -89.694145 -37.106750
-3.152271 -102.718452 -33.499676
-3.152198 -95.282570 -27.467264
-3.152160 -68.364525 -31.557127
-3.152051 -67.256638 -35.734806
-3.151904 -102.308235 -37.561985
-3.151902 -74.934532 -30.107185
-3.151873 -70.632835 -30.092556
-3.151783 -98.883064 -31.955481
-3.151437 -78.650703 -35.302521
-3.151432 -67.719398 -38.563366
-3.151400 -94.002937 -28.405336
-3.151377 -99.174057 -31.544283
-3.151286 -70.219078 -38.513000
-3.151268 -78.247574 -30.648600
-3.151155 -96.029243 -38.600826
-3.151127 -102.483551 -36.443733
-3.151117 -96.730453 -34.127319
-3.151109 -68.946526 -30.734770
-3.151065 -72.662689 -35.930038
-3.150988 -79.467613 -31.536198
-3.150791 -68.655540 -31.146086
-3.150782 -97.137138 -34.423225
-3.150776 -67.375893 -32.084030
-3.150550 -74.527870 -29.811556
-3.150445 -74.349030 -35.288052
-3.150432 -92.838989 -30.050550
-3.150425 -82.426506 -38.672455
-3.150349 -88.947525 -25.973680
-3.150316 -72.256027 -35.634312
-3.150304 -79.001328 -33.065952
-3.150203 -79.986443 -36.897388
-3.150008 -93.122902 -38.355553
-3.149894 -84.705452 -24.133627
-3.149694 -70.517181 -29.385798
-3.149692 -78.131912 -29.941744
-3.149664 -87.776482 -36.335045
-3.149615 -77.371086 -36.240761
-3.149534 -76.385971 -32.409351
-3.149408 -101.901604 -37.266541
-3.149384 -103.412621 -37.742832
-3.149231 -93.298218 -37.237301
-3.149189 -71.558380 -35.749908
-3.149159 -72.894096 -37.344578
-3.149147 -75.225563 -29.696371
-3.149077 -78.535057 -34.595795
-3.148937 -77.549942 -30.764395
-3.148909 -71.789757 -37.164185
-3.148829 -102.318916 -24.488190
-3.148716 -67.779053 -36.738316
-3.148712 -77.840935 -30.353167
-3.148671 -73.942375 -34.992489
-3.148649 -70.050903 -30.915609
-3.148549 -71.505859 -28.859306
-3.148473 -80.277458 -36.486408
-3.148120 -92.891556 -36.941631
-3.148116 -72.378838 -27.625586
-3.148082 -97.017944 -38.074654
-3.148076 -73.363953 -31.457014
-3.147966 -69.065804 -27.084299
-3.147947 -91.794304 -28.045025
-3.147807 -72.487442 -37.048950
-3.147767 -94.984566 -36.595451
-3.147763 -83.299515 -37.439098
-3.147738 -93.130028 -29.639725
-3.147584 -72.494530 -28.332787
-3.147580 -92.842583 -25.692915
-3.147551 -72.901207 -28.628643
-3.147521 -70.341911 -30.504530
-3.147475 -71.386642 -32.510468
-3.147375 -67.957924 -31.262058
-3.147319 -70.110542 -29.090334
-3.147243 -100.863991 -26.544767
-3.147207 -92.022141 -33.817474
-3.147192 -95.861092 -31.003654
-3.147121 -70.808212 -28.974953
-3.147116 -104.632690 -38.630756
-3.147007 -73.420036 -33.989796
-3.146962 -71.274513 -27.445337
-3.146723 -68.073624 -31.969278
-3.146506 -77.083687 -32.294434
-3.146498 -67.894775 -37.445793
-3.146422 -67.603790 -37.857067
-3.146387 -101.032219 -34.142727
-3.146369 -71.909027 -33.513611
-3.146298 -98.423943 -24.769819
-3.146297 -72.781998 -32.279835
-3.146282 -102.311867 -33.204803
-3.146246 -69.472511 -27.380430
-3.146153 -77.718201 -38.362671
-3.146101 -96.439545 -34.539402
-3.146086 -84.403893 -37.619812
-3.145999 -70.285866 -27.972172
-3.145865 -71.207825 -37.987209
-3.145792 -73.069450 -36.226749
-3.145778 -75.684822 -36.883476
-3.145693 -88.705589 -37.634510
-3.145592 -71.095688 -32.922039
-3.145405 -93.421051 -29.228842
-3.145365 -73.129074 -34.401329
-3.145320 -83.706238 -37.735348
-3.145311 -67.666969 -31.673658
-3.145243 -70.692558 -28.268145
-3.145225 -76.792717 -32.705906
-3.145152 -103.121696 -38.154789
-3.145002 -75.341316 -30.404161
-3.144766 -70.163109 -35.981457
-3.144641 -69.468987 -31.738792
-3.144636 -104.751961 -34.980175
-3.144630 -95.279152 -31.826599
-3.144581 -90.981003 -27.453875
-3.144474 -97.193306 -36.956863
-3.144471 -69.349762 -35.389805
-3.144453 -77.378258 -27.525406
-3.144189 -93.070465 -31.465797
-3.144177 -67.782669 -32.380959
-3.144145 -77.486862 -36.948769
-3.144138 -79.993629 -28.182182
-3.144105 -79.176727 -31.948586
-3.144090 -79.355576 -26.472111
-3.143974 -68.305038 -33.383957
-3.143881 -79.702644 -28.593487
-3.143850 -78.366920 -26.998827
-3.143774 -81.266197 -35.960499
-3.143717 -74.121300 -29.516821
-3.143657 -103.472328 -35.918278
-3.143651 -99.636932 -34.374001
-3.143600 -91.678680 -27.338621
-3.143534 -71.214951 -29.271389
-3.143532 -71.498848 -37.576324
-3.143443 -79.411659 -29.004822
-3.143431 -99.633385 -38.732136
-3.143423 -72.084373 -32.395714
-3.143418 -81.206581 -37.786049
-3.143342 -70.629425 -34.452049
-3.143282 -103.132362 -25.080795
-3.143275 -77.315117 -33.709190
-3.143225 -77.430801 -34.416313
-3.143222 -75.278183 -36.588043
-3.143205 -102.841370 -25.492073
-3.143189 -80.568535 -36.076008
-3.143148 -73.714638 -29.221064
-3.143046 -70.804733 -33.333717
-3.142673 -93.189720 -27.815060
-3.142650 -93.007332 -37.649639
-3.142617 -82.892921 -37.144089
-3.142525 -70.801201 -37.691902
-3.142447 -67.838768 -34.913849
-3.142425 -79.586975 -27.886610
-3.142379 -71.099281 -28.564465
-3.142360 -98.711449 -28.717297
-3.142308 -69.290176 -37.215649
-3.142286 -74.931137 -34.466854
-3.142282 -79.120689 -29.416275
-3.142266 -95.458031 -26.350508
-3.142230 -75.860176 -35.765678
-3.142126 -71.972252 -27.330713
-3.142119 -72.080856 -36.754028
-3.142069 -73.655037 -31.046732
-3.142067 -69.760017 -31.327948
-3.141969 -69.002739 -33.268871
-3.141957 -81.855293 -26.422070
-3.141798 -74.520920 -38.529182
-3.141753 -97.312584 -33.306324
-3.141751 -69.703957 -28.795393
-3.141717 -94.577980 -36.300587
-3.141707 -68.771370 -31.854685
-3.141559 -68.129776 -34.502728
-3.141531 -96.565933 -22.172966
-3.141514 -79.695595 -37.310074
-3.141417 -73.770737 -31.753952
-3.141360 -75.218597 -38.413841
-3.141307 -101.270760 -26.841587
-3.141244 -72.203644 -28.745087
-3.141233 -71.618118 -33.925716
-3.141122 -103.297066 -37.037067
-3.141084 -67.551346 -30.967234
-3.140913 -68.185860 -37.035442
-3.140883 -70.510231 -38.103436
-3.140855 -75.975891 -36.473019
-3.140828 -76.557869 -35.650494
-3.140756 -86.728348 -38.688671
-3.140734 -76.964546 -35.946362
-3.140644 -81.217262 -24.712204
-3.140621 -70.748703 -30.801508
-3.140422 -93.712120 -28.818392
-3.140414 -79.404617 -37.721516
-3.140410 -68.659248 -26.789682
-3.140399 -78.829727 -29.827847
-3.140387 -103.935127 -38.747269
-3.140342 -69.521584 -38.630199
-3.140288 -94.868996 -35.889557
-3.140274 -78.889343 -28.002375
-3.140262 -67.547813 -35.325466
-3.140214 -67.144684 -30.671526
-3.140128 -98.017365 -24.474976
-3.140102 -70.226341 -29.798628
-3.140095 -71.039696 -30.390329
-3.140083 -76.091591 -37.180260
-3.140038 -72.957397 -31.162477
-3.140033 -98.707947 -33.075775
-3.140032 -73.535835 -34.698048
-3.140028 -77.255547 -35.535213
-3.140028 -76.266891 -36.061890
-3.140002 -71.681297 -27.742325
-3.139960 -68.301559 -37.742710
-3.139822 -70.457726 -31.212902
-3.139767 -75.046860 -35.174381
-3.139719 -79.527405 -29.712545
-3.139708 -73.823288 -38.644939
-3.139623 -78.251305 -26.292402
-3.139607 -78.195229 -23.759798
-3.139517 -72.953865 -35.520660
-3.139502 -67.260384 -31.378756
-3.139441 -79.239960 -25.765755
-3.139323 -69.931824 -34.568119
-3.139243 -68.711792 -33.680580
-3.139206 -103.647705 -34.800625
-3.139112 -78.128532 -34.301571
-3.139104 -96.558884 -30.889561
-3.139073 -79.348564 -35.189129
-3.139045 -101.442558 -30.081678
-3.139014 -79.064667 -26.884203
-3.138994 -93.014473 -28.934038
-3.138942 -68.476875 -36.624500
-3.138913 -68.823936 -38.745846
-3.138912 -71.036171 -34.748623
-3.138882 -88.765312 -35.810127
-3.138848 -70.576973 -27.562075
-3.138845 -91.903046 -37.469826
-3.138801 -93.417610 -33.588020
-3.138756 -93.473686 -36.120636
-3.138717 -95.163551 -31.120451
-3.138703 -77.725410 -29.647688
-3.138664 -77.721863 -34.005795
-3.138613 -80.519623 -24.827950
-3.138521 -67.488228 -37.151245
-3.138513 -101.323334 -33.732750
-3.138451 -77.374802 -31.884485
-3.138422 -74.061768 -31.343178
-3.138421 -70.401672 -28.680523
-3.138222 -72.088005 -28.038465
-3.138157 -75.337875 -34.763378
-3.138142 -69.644394 -30.621475
-3.138138 -77.777946 -36.538486
-3.138114 -96.152222 -30.593872
-3.138061 -67.954529 -35.621677
-3.138029 -78.833305 -25.470135
-3.138002 -67.200790 -33.204494
-3.137995 -73.651558 -35.405495
-3.137913 -95.167107 -26.762484
-3.137866 -102.602989 -32.794914
-3.137816 -71.674240 -36.458881
-3.137786 -95.980469 -27.354204
-3.137767 -92.313286 -33.407753
-3.137723 -71.092262 -37.281422
-3.137703 -68.883575 -36.920551
-3.137685 -71.793480 -32.807915
-3.137678 -67.723160 -34.207512
-3.137476 -69.185196 -23.435026
-3.137447 -73.711182 -33.580093
-3.137370 -74.643768 -30.520823
-3.137362 -72.785683 -27.923193
-3.137265 -100.625687 -33.848366
-3.137255 -83.881660 -36.618286
-3.137255 -74.819069 -29.402462
-3.137216 -75.050446 -30.816698
-3.137135 -99.286423 -36.611820
-3.137074 -105.158760 -35.277260
-3.137007 -103.016769 -24.374706
-3.136992 -74.117867 -33.876019
-3.136958 -84.810707 -37.917152
-3.136833 -69.935402 -30.210424
-3.136818 -67.432182 -34.618916
-3.136791 -68.249077 -30.852522
-3.136773 -91.447418 -25.925507
-3.136688 -75.625351 -38.710453
-3.136626 -68.070236 -36.329025
-3.136615 -93.880394 -36.416836
-3.136579 -71.327202 -34.337738
-3.136494 -68.943207 -35.095257
-3.136492 -90.974037 -36.171394
-3.136468 -72.666466 -31.574324
-3.136376 -98.010330 -33.191788
-3.136327 -83.426018 -25.073784
-3.136081 -69.812645 -38.219631
-3.136057 -67.898483 -33.089397
-3.135997 -69.356979 -26.674990
-3.135957 -78.416031 -38.248920
-3.135936 -78.654495 -30.946955
-3.135929 -70.924080 -29.683895
-3.135919 -99.170753 -35.904907
-3.135899 -89.123055 -24.857660
-3.135736 -71.797050 -28.450134
-3.135734 -99.230377 -34.079445
-3.135724 -98.595871 -28.011267
-3.135709 -97.316223 -28.949209
-3.135663 -68.775009 -27.497572
-3.135451 -70.394630 -37.397205
-3.135426 -69.234215 -34.684166
-3.135391 -87.727722 -25.088570
-3.135291 -73.073158 -31.870367
-3.135287 -96.611473 -37.780891
-3.135259 -77.844696 -25.997265
-3.135208 -93.414124 -37.946705
-3.135205 -67.263992 -27.021358
-3.135201 -79.811378 -38.018219
-3.135100 -71.968819 -31.689960
-3.135082 -68.536552 -34.799637
-3.135081 -69.525215 -34.272961
-3.135069 -81.624023 -25.008965
-3.135066 -103.938759 -34.390038
-3.135054 -99.928055 -33.964142
-3.135039 -73.192398 -28.219421
-3.134988 -69.178154 -32.151630
-3.134705 -68.950325 -26.379351
-3.134645 -67.491829 -32.793777
-3.134494 -75.453621 -35.471092
-3.134492 -92.600784 -37.355122
-3.134418 -69.995056 -28.385326
-3.134308 -95.331841 -38.718990
-3.134290 -77.669403 -27.115801
-3.134277 -100.338287 -29.902020
-3.134132 -76.677208 -32.000603
-3.133996 -92.260811 -26.517662
-3.133904 -95.338936 -30.002859
-3.133902 -95.622833 -38.307793
-3.133883 -78.009384 -37.953407
-3.133790 -77.662323 -35.832081
-3.133700 -69.465614 -36.098679
-3.133446 -81.613419 -38.083527
-3.133384 -69.879387 -27.678381
-3.133362 -101.446190 -25.724506
-3.133300 -75.569328 -36.178402
-3.133237 -77.311729 -38.068928
-3.133202 -70.868050 -27.151733
-3.133164 -71.569260 -22.678226
-3.133162 -77.960411 -26.704721
-3.133143 -68.420898 -34.092838
-3.133141 -67.207954 -24.489088
-3.133122 -72.838280 -34.814590
-3.133095 -72.196686 -37.462616
-3.133064 -97.256645 -30.775135
-3.133022 -69.409554 -33.566181
-3.133006 -79.874573 -31.834984
-3.132934 -76.098785 -28.465227
-3.132918 -69.700546 -33.154934
-3.132905 -67.148338 -26.314619
-3.132881 -79.180450 -27.592318
-3.132594 -87.321091 -24.793177
-3.132520 -93.126717 -34.000309
-3.132502 -69.875854 -32.036625
-3.132447 -83.997429 -37.326187
-3.132416 -79.236526 -30.125002
-3.132386 -75.688576 -32.527565
-3.132381 -69.640938 -34.980515
-3.132333 -83.184074 -36.734505
-3.132264 -93.540489 -25.580004
-3.132143 -92.835739 -34.411636
-3.132140 -71.334358 -25.622265
-3.132060 -103.879189 -36.216022
-3.132052 -70.222923 -34.158039
-3.132004 -80.575798 -27.361635
-3.131984 -73.248520 -30.752527
-3.131929 -77.837654 -34.714008
-3.131926 -97.901802 -23.769201
-3.131889 -74.408936 -33.465588
-3.131880 -78.423180 -29.533388
-3.131879 -77.953346 -35.421131
-3.131859 -98.715157 -24.360912
-3.131828 -70.983757 -27.859072
-3.131817 -69.174660 -36.510250
-3.131727 -71.733955 -34.634380
-3.131723 -80.102425 -37.607521
-3.131704 -73.244980 -35.110672
-3.131704 -69.300980 -24.143084
-3.131634 -98.301399 -32.781296
-3.131565 -76.389801 -28.054186
-3.131527 -86.623444 -24.908764
-3.131446 -85.403412 -24.021227
-3.131442 -98.185715 -32.074215
-3.131400 -70.103706 -37.809132
-3.131329 -69.988022 -37.102028
-3.131317 -76.968239 -31.589798
-3.131279 -77.434532 -30.060163
-3.131238 -79.878143 -27.477173
-3.131206 -77.602753 -37.657997
-3.131206 -67.316582 -33.912716
-3.131159 -101.148148 -34.852329
-3.131119 -89.645493 -25.861406
-3.131109 -92.954987 -30.760818
-3.131069 -77.546684 -35.125412
-3.131043 -83.717087 -24.663382
-3.130943 -93.999718 -32.766777
-3.130895 -71.849655 -35.341633
-3.130823 -77.606300 -33.299957
-3.130759 -67.614670 -24.785328
-3.130739 -80.810738 -24.417971
-3.130710 -88.018791 -24.678072
-3.130698 -78.135757 -25.586746
-3.130683 -81.739777 -25.716795
-3.130507 -71.912819 -29.158104
-3.130486 -91.969879 -26.929499
-3.130486 -76.095284 -32.823727
-3.130485 -71.446526 -30.687748
-3.130427 -74.352890 -30.933220
-3.130391 -71.383369 -36.871357
-3.130369 -72.140656 -34.930454
-3.130366 -79.520462 -38.430271
-3.130343 -70.980240 -32.217415
-3.130215 -72.547333 -35.226330
-3.130196 -79.871071 -36.193542
-3.130157 -76.912186 -29.057381
-3.130111 -71.614746 -38.285629
-3.130101 -67.555061 -26.610928
-3.130086 -98.308510 -24.065351
-3.130032 -74.524651 -34.173004
-3.130020 -70.513947 -33.747108
-3.129860 -68.778641 -23.140419
-3.129827 -77.024338 -34.122650
-3.129796 -96.965706 -31.186932
-3.129794 -76.207436 -37.889053
-3.129734 -93.305611 -28.524286
-3.129724 -71.677917 -32.102100
-3.129719 -76.856125 -26.524847
-3.129630 -67.670753 -27.318119
-3.129603 -86.612839 -37.983376
-3.129583 -96.853569 -26.121752
-3.129581 -72.670120 -27.217348
-3.129496 -79.113800 -38.134563
-3.129419 -91.272232 -27.045086
-3.129395 -76.908653 -33.415604
-3.129381 -68.768021 -36.214794
-3.129259 -77.322418 -24.995279
-3.129256 -73.476387 -36.525303
-3.129225 -77.259262 -31.178877
-3.129147 -88.008179 -37.752625
-3.129086 -83.124512 -38.560528
-3.129058 -78.822815 -38.545898
-3.129025 -70.166901 -31.625929
-3.128932 -69.819839 -29.504601
-3.128871 -75.692177 -28.170040
-3.128858 -102.774895 -36.036106
-3.128714 -78.360069 -35.717495
-3.128712 -82.030800 -25.305853
-3.128659 -73.416786 -38.350891
-3.128639 -71.443016 -35.046150
-3.128572 -85.694443 -23.610432
-3.128527 -75.229431 -25.341639
-3.128491 -72.259911 -31.279776
-3.128445 -83.590813 -37.030991
-3.128428 -91.854225 -26.222721
-3.128382 -70.917107 -38.401325
-3.128375 -73.423874 -29.634739
-3.128368 -69.118637 -33.978207
-3.128363 -73.827011 -34.288692
-3.128316 -81.497810 -37.377251
-3.128264 -91.156563 -26.338160
-3.128255 -99.584641 -27.485809
-3.128172 -83.008835 -37.853561
-3.128004 -81.382126 -36.670189
-3.127997 -78.770302 -31.655365
-3.127932 -82.020180 -38.380280
-3.127920 -73.360725 -35.818405
-3.127879 -71.155579 -31.099438
-3.127804 -68.417435 -38.451809
-3.127799 -70.170464 -27.268028
-3.127690 -90.574585 -27.160782
-3.127621 -76.502007 -33.120045
-3.127611 -101.088585 -36.678402
-3.127522 -73.543121 -25.983892
-3.127471 -79.296219 -28.300316
-3.127450 -100.576859 -22.601164
-3.127385 -97.484566 -36.548389
-3.127368 -93.768394 -31.353130
-3.127345 -74.002327 -33.170479
-3.127341 -87.019554 -38.279598
-3.127337 -69.697090 -37.513947
-3.127326 -92.551910 -26.107487
-3.127267 -69.581406 -36.806843
-3.127249 -67.323730 -25.197165
-3.127246 -74.233704 -34.584724
-3.127220 -73.308205 -28.927813
-3.127176 -79.471527 -27.181986
-3.127169 -69.059044 -35.803894
-3.127080 -79.927193 -38.726658
-3.127025 -77.147156 -26.114021
-3.126977 -70.636772 -25.738522
-3.126963 -73.252136 -26.395248
-3.126927 -92.029549 -25.104588
-3.126926 -97.197128 -32.601627
-3.126900 -96.036713 -29.888590
-3.126838 -67.204506 -28.848217
-3.126817 -102.196487 -32.500870
-3.126739 -93.361732 -31.057383
-3.126731 -88.821571 -38.344719
-3.126716 -78.244415 -35.010708
-3.126646 -99.121918 -24.657614
-3.126545 -90.809525 -24.217098
-3.126498 -76.498482 -37.478329
-3.126452 -68.010780 -38.156181
-3.126433 -98.305023 -28.424047
-3.126313 -70.685768 -36.987434
-3.126287 -96.155952 -26.237703
-3.126257 -67.435890 -30.262541
-3.126252 -67.495506 -28.437050
-3.126220 -85.508545 -37.803493
-3.126103 -72.491325 -32.694393
-3.126100 -72.032120 -25.507837
-3.126098 -67.902184 -28.732925
-3.126090 -101.737297 -25.314430
-3.126064 -75.404770 -24.223663
-3.126048 -82.717880 -38.265175
-3.126027 -72.200340 -33.105671
-3.125849 -75.811455 -24.519548
-3.125842 -103.304390 -28.323364
-3.125774 -89.936569 -25.451015
-3.125771 -77.497780 -23.877470
-3.125765 -92.257401 -30.877106
-3.125765 -67.320213 -29.555508
-3.125740 -91.331902 -25.220194
-3.125717 -69.872421 -36.395832
-3.125685 -79.057785 -35.602577
-3.125683 -75.916512 -38.300987
-3.125632 -99.991364 -27.782087
-3.125564 -75.632614 -29.996073
-3.125524 -67.790054 -23.667805
-3.125523 -93.246063 -30.350468
-3.125512 -99.002708 -28.308784
-3.125424 -69.010086 -24.555372
-3.125367 -95.160217 -35.480732
-3.125327 -102.487503 -32.089848
-3.125320 -73.949837 -26.280104
-3.125306 -96.148880 -34.954063
-3.125297 -75.695778 -23.812525
-3.125296 -90.160858 -35.581520
-3.125203 -71.453697 -21.972412
-3.125198 -89.403580 -37.522442
-3.125183 -79.531174 -25.356819
-3.125182 -103.528694 -38.453899
-3.125140 -77.140099 -34.830528
-3.125136 -80.859810 -35.667690
-3.125100 -79.818626 -29.303669
-3.125092 -98.014053 -28.835529
-3.125029 -69.181854 -27.795158
-3.125026 -96.615173 -33.424465
-3.125017 -105.043259 -34.572117
-3.125012 -100.454117 -30.610645
-3.124893 -98.006973 -37.551762
-3.124880 -81.508499 -24.303514
-3.124850 -88.716545 -24.563614
-3.124760 -69.763840 -26.972675
-3.124755 -104.576973 -36.101799
-3.124735 -77.900932 -28.531590
-3.124719 -77.609940 -28.942856
-3.124719 -71.737610 -30.277426
-3.124718 -104.994278 -23.323359
-3.124678 -68.827705 -34.390072
-3.124655 -96.734413 -29.773542
-3.124508 -79.464485 -35.898621
-3.124475 -71.043488 -26.034781
-3.124400 -93.477455 -31.764879
-3.124347 -71.621925 -29.570374
-3.124346 -67.961830 -26.907719
-3.124256 -68.592796 -37.334011
-3.124173 -70.573654 -31.922571
-3.124150 -71.330940 -29.981668
-3.124072 -68.368515 -27.203613
-3.123992 -90.392258 -36.995964
-3.123981 -82.672470 -22.658606
-3.123973 -69.069725 -22.730118
-3.123961 -100.047462 -30.314968
-3.123884 -73.125870 -38.762936
-3.123881 -68.487747 -23.552660
-3.123873 -68.361427 -35.919846
-3.123828 -102.144005 -25.610649
-3.123821 -67.499092 -24.079348
-3.123811 -102.606758 -28.439110
-3.123811 -82.553246 -26.309618
-3.123797 -78.826447 -34.188656
-3.123785 -99.752930 -35.084358
-3.123746 -84.579544 -36.505081
-3.123708 -75.983246 -27.759619
-3.123638 -78.069160 -36.129589
-3.123634 -76.905205 -37.774647
-3.123466 -70.864655 -31.511423
-3.123442 -78.013092 -33.597015
-3.123431 -104.058174 -30.740952
-3.123210 -100.159615 -35.380302
-3.123198 -77.788811 -23.466627
-3.123173 -69.532486 -25.558704
-3.123077 -77.553894 -26.410517
-3.123061 -87.030251 -25.205997
-3.123057 -94.693962 -37.010750
-3.123055 -76.617767 -33.827904
-3.123023 -92.145302 -25.812340
-3.123004 -94.585365 -27.587444
-3.122973 -75.162811 -35.884235
-3.122895 -103.009903 -33.093208
-3.122891 -75.920097 -33.943344
-3.122890 -77.143677 -30.472797
-3.122884 -102.424385 -38.273838
-3.122855 -79.762589 -26.771427
-3.122803 -101.204353 -37.386299
-3.122756 -99.577644 -36.202904
-3.122754 -103.013451 -28.735132
-3.122747 -77.196205 -37.363525
-3.122731 -79.068466 -22.528763
-3.122650 -71.271347 -31.807405
-3.122563 -97.025436 -29.362619
-3.122541 -70.398376 -33.041214
-3.122523 -67.905785 -24.375410
-3.122475 -82.437576 -25.602722
-3.122404 -71.565887 -27.038084
-3.122379 -69.416809 -24.851721
-3.122353 -67.786560 -28.026423
-3.122346 -69.588570 -28.091448
-3.122306 -97.204285 -23.886185
-3.122292 -78.072731 -31.771709
-3.122284 -74.756149 -35.588497
-3.122258 -99.756493 -30.726509
-3.122209 -69.297585 -28.502733
-3.122204 -84.996880 -23.726885
-3.122183 -77.199760 -33.005520
-3.122180 -75.282059 -32.233379
-3.122162 -77.203300 -28.647423
-3.122147 -91.563332 -26.635010
-3.122145 -104.061737 -26.383062
-3.122135 -76.326790 -34.239319
-3.122091 -77.087616 -27.940321
-3.122085 -77.666054 -31.475893
-3.122022 -91.622948 -24.809538
-3.121993 -71.916496 -24.801394
-3.121985 -78.886086 -32.363461
-3.121944 -76.680939 -27.644493
-3.121922 -75.744812 -35.061882
-3.121919 -72.603539 -37.760292
-3.121888 -97.428581 -34.016682
-3.121843 -103.356987 -35.214725
-3.121837 -73.595741 -32.875526
-3.121818 -76.505638 -28.762892
-3.121795 -67.730492 -25.493906
-3.121766 -77.893890 -37.248272
-3.121688 -95.689728 -27.768097
-3.121685 -102.834625 -34.211784
-3.121671 -71.685127 -23.387218
-3.121649 -81.974838 -22.774401
-3.121628 -70.752541 -26.446508
-3.121621 -102.610336 -24.081367
-3.121601 -95.048134 -30.416132
-3.121516 -86.321976 -38.395962
-3.121513 -95.630119 -29.593618
-3.121485 -82.265831 -22.363163
-3.121477 -97.309357 -37.667732
-3.121431 -93.705330 -37.537693
-3.121330 -68.021492 -25.082718
-3.121253 -87.079262 -36.455097
-3.121251 -80.228905 -25.242048
-3.121221 -71.562363 -31.396376
-3.121191 -69.707817 -24.440651
-3.121099 -98.476868 -31.664639
-3.121099 -69.360764 -22.319323
-3.121095 -77.729225 -25.292463
-3.121049 -69.476448 -23.026445
-3.121015 -69.413292 -29.210043
-3.120951 -105.401016 -23.619823
-3.120682 -67.372818 -36.447044
-3.120680 -95.745819 -30.300869
-3.120675 -89.228348 -38.641560
-3.120595 -77.957069 -31.064873
-3.120583 -78.595116 -32.774952
-3.120543 -79.580231 -36.606380
-3.120532 -74.815788 -33.763294
-3.120459 -67.379913 -27.730881
-3.120413 -75.520546 -24.931700
-3.120410 -77.262947 -26.822216
-3.120329 -70.689407 -32.630314
-3.120279 -98.189430 -27.717937
-3.120271 -93.884193 -32.061405
-3.120236 -75.979759 -32.118286
-3.120231 -71.860451 -22.269075
-3.120225 -75.629150 -34.355045
-3.120224 -101.320076 -38.093834
-3.120159 -101.379692 -36.268353
-3.120154 -75.748383 -30.704071
-3.120119 -67.611290 -29.145164
-3.119945 -77.319023 -29.354900
-3.119887 -68.245804 -35.213383
-3.119852 -67.439537 -25.905487
-3.119848 -80.926598 -25.126863
-3.119791 -73.076950 -27.514797
-3.119761 -69.294075 -32.861233
-3.119733 -70.345894 -26.150969
-3.119723 -70.230209 -25.443855
-3.119594 -94.297974 -23.641167
-3.119592 -69.125862 -25.263439
-3.119575 -91.100624 -23.806973
-3.119571 -68.894493 -23.849215
-3.119555 -73.017334 -29.340328
-3.119541 -102.028389 -24.904236
-3.119454 -90.865707 -26.750862
-3.119448 -87.265228 -22.262716
-3.119398 -71.976151 -22.976326
-3.119364 -77.785324 -27.825352
-3.119344 -68.999550 -37.630665
-3.119311 -76.218231 -24.816467
-3.119309 -71.853378 -30.985424
-3.119282 -78.777527 -22.940590
-3.119273 -101.151878 -30.496170
-3.119271 -103.364113 -26.498945
-3.119245 -71.159256 -26.742748
-3.119215 -82.311310 -37.970440
-3.119211 -77.438271 -25.704035
-3.119205 -78.486542 -23.351866
-3.119166 -71.905914 -37.876152
-3.119162 -101.786392 -36.564365
-3.119157 -102.315842 -28.851133
-3.119137 -70.756126 -22.088816
-3.119083 -94.175201 -31.650333
-3.119083 -74.356606 -26.576973
-3.119054 -71.278496 -23.091795
-3.119001 -89.529991 -25.156271
-3.118887 -97.544312 -34.724285
-3.118877 -73.196198 -23.863962
-3.118834 -84.986298 -36.801731
-3.118778 -85.915344 -38.100559
-3.118759 -100.569908 -31.318781
-3.118756 -103.300964 -32.682621
-3.118756 -72.961281 -26.807852
-3.118750 -72.551056 -30.870102
-3.118723 -78.016708 -29.239685
-3.118644 -88.530708 -38.757305
-3.118622 -71.162811 -22.384750
-3.118621 -70.927895 -25.328621
-3.118564 -81.673271 -36.260464
-3.118510 -97.253334 -35.135609
-3.118465 -68.193298 -28.322906
-3.118450 -77.904572 -24.174517
-3.118407 -69.406242 -37.926666
-3.118400 -97.603935 -32.898872
-3.118338 -69.006653 -28.914629
-3.118323 -68.196846 -23.964830
-3.118299 -69.238029 -30.328865
-3.118285 -68.663139 -22.435196
-3.118258 -92.958733 -26.404818
-3.118224 -103.651573 -30.445951
-3.118214 -68.312531 -24.671963
-3.118179 -75.345284 -26.050444
-3.118154 -103.770805 -26.794979
-3.118105 -72.323235 -25.097879
-3.118029 -76.915924 -24.701262
-3.118020 -78.766922 -36.015095
-3.118004 -68.189758 -32.681084
-3.117980 -92.436371 -25.401899
-3.117950 -68.599983 -28.618841
-3.117935 -93.716019 -24.463964
-3.117931 -71.509888 -24.506207
-3.117887 -96.268227 -31.304289
-3.117845 -74.998222 -23.929153
-3.117831 -78.602249 -24.059204
-3.117821 -103.423752 -24.673689
-3.117814 -78.076340 -27.414341
-3.117777 -95.914078 -37.899162
-3.117674 -76.102570 -24.109619
-3.117671 -74.184875 -23.337482
-3.117642 -99.518105 -38.029232
-3.117640 -71.625580 -25.213369
-3.117631 -94.753662 -35.186142
-3.117589 -77.897499 -32.890858
-3.117558 -76.796700 -28.352324
-3.117534 -82.486641 -36.852333
-3.117517 -94.410149 -28.706718
-3.117496 -68.252930 -26.497574
-3.117471 -100.857376 -35.265827
-3.117413 -74.412704 -29.109852
-3.117384 -68.652519 -35.509640
-3.117358 -68.480759 -32.269924
-3.117326 -69.592194 -23.734167
-3.117241 -105.621819 -38.108955
-3.117202 -76.972008 -27.234005
-3.117173 -73.658974 -26.692698
-3.117147 -72.498558 -23.979658
-3.117141 -96.555687 -35.251247
-3.117129 -103.066071 -35.626759
-3.117042 -78.192039 -28.121582
-3.116990 -89.112717 -37.935047
-3.116978 -71.390671 -28.157347
-3.116896 -96.850220 -30.481924
-3.116812 -76.849236 -35.243153
-3.116804 -100.163261 -31.023251
-3.116766 -74.468788 -31.642565
-3.116749 -91.041054 -25.632927
-3.116671 -97.141212 -30.070696
-3.116640 -74.058571 -35.704834
-3.116618 -84.113365 -38.035885
-3.116583 -97.723198 -29.248184
-3.116582 -68.372169 -22.846737
-3.116555 -101.495438 -36.976055
-3.116478 -77.490837 -32.595188
-3.116476 -75.289238 -23.518114
-3.116466 -79.822304 -24.946980
-3.116443 -69.823586 -25.148540
-3.116411 -104.464958 -31.037949
-3.116406 -78.363808 -31.361406
-3.116361 -99.462051 -35.496834
-3.116354 -77.031631 -25.408649
-3.116311 -86.101318 -23.908283
-3.116299 -80.397202 -32.840675
-3.116245 -86.914673 -24.499996
-3.116233 -102.722565 -29.147461
-3.116177 -97.779274 -31.780857
-3.116154 -73.599373 -28.518356
-3.116080 -70.107491 -33.453533
-3.116046 -76.151581 -35.358692
-3.115963 -73.483688 -27.811274
-3.115887 -72.438957 -25.805355
-3.115881 -84.008316 -24.254595
-3.115880 -74.240974 -25.870380
-3.115869 -78.304199 -33.186989
-3.115846 -69.529060 -29.918001
-3.115792 -94.876465 -27.177359
-3.115789 -72.905251 -24.275730
-3.115766 -97.660049 -35.431908
-3.115759 -74.006058 -28.814272
-3.115697 -74.289955 -37.119217
-3.115694 -92.425774 -38.476570
-3.115677 -96.275352 -22.588451
-3.115659 -89.926094 -38.526966
-3.115626 -71.218933 -24.917847
-3.115623 -67.842735 -30.560127
-3.115613 -93.887810 -27.704065
-3.115577 -81.101967 -24.009182
-3.115518 -80.113312 -24.535870
-3.115493 -77.494400 -28.237247
-3.115440 -69.115303 -38.338417
-3.115436 -68.891014 -28.207989
-3.115398 -93.824654 -33.887691
-3.115332 -75.054337 -26.462172
-3.115276 -80.867050 -26.953102
-3.115256 -79.647018 -26.065554
-3.115072 -91.910507 -28.757507
-3.115058 -70.058525 -22.204895
-3.115019 -86.683311 -23.085968
-3.115006 -97.372620 -31.485197
-3.114960 -73.480156 -32.169537
-3.114944 -104.468529 -26.680088
-3.114890 -103.420250 -29.032267
-3.114863 -76.852814 -30.885370
-3.114831 -96.324348 -33.837395
-3.114757 -74.237442 -30.228664
-3.114753 -84.299324 -23.843515
-3.114716 -76.211220 -33.533417
-3.114681 -74.181374 -27.696070
-3.114634 -82.322014 -24.896889
-3.114600 -71.267929 -36.166821
-3.114589 -103.185341 -31.976187
-3.114582 -99.115021 -33.375782
-3.114415 -67.383553 -23.373768
-3.114362 -86.858627 -21.967697
-3.114351 -101.912781 -24.197968
-3.114266 -83.135376 -25.488649
-3.114263 -105.450104 -34.869720
-3.114218 -70.282822 -32.335461
-3.114216 -93.067390 -35.828793
-3.114215 -85.463295 -22.198547
-3.114110 -95.805534 -28.476448
-3.114073 -78.184998 -36.838264
-3.114064 -102.017845 -37.979427
-3.113978 -96.443588 -30.186550
-3.113969 -100.692757 -23.310480
-3.113904 -79.475281 -22.826054
-3.113902 -70.461678 -26.859034
-3.113804 -91.216400 -24.515030
-3.113717 -72.722893 -34.110645
-3.113711 -78.419922 -33.894455
-3.113404 -85.810371 -24.320023
-3.113374 -97.432259 -29.659971
-3.113354 -69.816544 -33.865242
-3.113275 -68.077690 -27.616640
-3.113238 -92.962349 -22.047539
-3.113231 -104.296791 -23.440647
-3.113224 -99.521721 -33.671856
-3.113206 -75.517120 -29.290976
-3.113161 -76.561852 -31.296913
-3.113047 -101.909256 -28.556280
-3.113015 -74.177856 -32.054440
-3.112984 -68.428299 -25.379932
-3.112951 -67.141563 -35.034077
-3.112938 -91.738777 -25.518135
-3.112933 -96.447151 -25.828621
-3.112926 -101.439423 -34.444042
-3.112918 -68.018082 -29.442192
-3.112901 -74.822998 -25.048340
-3.112872 -100.860992 -30.908480
-3.112870 -97.719711 -33.606888
-3.112827 -92.608208 -28.642462
-3.112729 -75.222595 -34.060417
-3.112720 -100.748848 -25.843290
-3.112708 -96.973061 -22.473522
-3.112666 -104.349327 -30.331446
-3.112623 -81.904739 -37.675663
-3.112596 -98.831146 -25.071173
-3.112561 -90.459137 -26.456139
-3.112534 -100.573547 -26.961699
-3.112296 -80.509407 -37.906544
-3.112296 -67.267899 -22.667000
-3.112275 -71.450356 -26.332623
-3.112255 -75.113998 -24.637182
-3.112242 -72.091957 -23.684608
-3.112170 -71.741348 -25.921375
-3.112118 -69.939339 -25.856361
-3.112097 -68.719307 -24.968813
-3.112075 -73.890427 -28.107759
-3.112074 -69.241669 -25.971781
-3.112034 -69.991867 -32.747082
-3.112031 -68.309082 -29.031073
-3.112018 -91.212883 -28.873421
-3.111992 -68.540459 -30.445307
-3.111985 -96.738159 -25.417511
-3.111953 -89.579094 -36.406227
-3.111916 -73.133148 -30.048691
-3.111912 -96.906372 -33.015343
-3.111903 -79.173691 -36.311943
-3.111886 -72.267265 -22.566288
-3.111883 -90.403076 -23.923641
-3.111878 -73.834358 -25.575184
-3.111856 -68.484390 -27.912724
-3.111842 -80.162354 -35.785275
-3.111790 -68.544006 -26.087240
-3.111778 -79.233307 -34.486469
-3.111732 -80.512955 -33.548538
-3.111650 -72.207649 -24.391819
-3.111645 -70.338936 -34.868488
-3.111619 -95.104362 -32.950367
-3.111522 -72.316254 -33.815151
-3.111479 -79.184326 -23.237715
-3.111451 -73.893982 -23.749762
-3.111449 -101.562225 -26.435198
-3.111448 -76.155197 -31.001343
-3.111407 -102.831238 -38.571564
-3.111376 -101.730438 -34.033031
-3.111312 -104.226578 -38.340752
-3.111275 -100.983788 -22.899656
-3.111263 -73.767662 -36.116974
-3.111239 -67.674591 -22.963022
-3.111156 -71.152298 -35.460270
-3.111130 -101.790062 -32.207581
-3.111116 -95.342834 -25.648479
-3.111092 -79.755684 -35.489548
-3.110916 -93.134148 -25.287640
-3.110903 -68.835014 -25.676123
-3.110883 -72.263733 -26.924551
-3.110868 -77.091339 -23.584053
-3.110848 -74.647728 -26.167053
-3.110841 -70.812325 -24.622778
-3.110793 -75.057953 -22.104813
-3.110751 -91.496811 -37.178562
-3.110750 -78.774117 -27.300081
-3.110705 -73.946518 -30.640589
-3.110703 -101.614761 -33.326027
-3.110674 -67.727127 -29.853821
-3.110624 -89.354820 -26.276016
-3.110597 -78.427063 -25.178764
-3.110577 -92.376869 -27.228600
-3.110547 -74.882652 -23.223232
-3.110526 -94.704788 -23.938498
-3.110511 -72.382973 -23.273626
-3.110503 -72.021736 -38.584682
-3.110496 -95.570679 -31.420910
-3.110422 -67.846359 -26.202877
-3.110411 -77.781921 -32.184914
-3.110381 -100.629654 -29.494658
-3.110375 -86.508087 -24.205103
-3.110348 -87.090065 -23.382580
-3.110250 -94.406715 -33.066006
-3.110233 -68.708702 -38.043415
-3.110208 -103.241478 -34.509510
-3.110185 -72.719406 -38.469322
-3.110088 -99.297485 -23.541939
-3.110016 -82.602448 -37.560677
-3.109994 -98.999405 -32.669418
-3.109983 -104.990967 -27.683865
-3.109935 -103.129341 -29.444340
-3.109890 -98.066818 -35.728718
-3.109868 -79.005508 -28.714455
-3.109847 -73.136719 -25.690929
-3.109824 -94.466339 -31.240582
-3.109775 -95.051865 -26.059963
-3.109760 -101.611237 -37.684280
-3.109754 -97.775833 -36.140003
-3.109750 -72.614357 -24.687981
-3.109700 -68.081291 -23.259125
-3.109687 -74.591675 -23.634636
-3.109668 -75.573242 -31.824160
-3.109659 -68.596573 -32.978294
-3.109658 -75.927399 -25.229307
-3.109648 -83.415802 -38.152439
-3.109642 -75.401489 -28.584444
-3.109640 -72.730049 -25.395113
-3.109594 -99.700623 -28.195971
-3.109590 -99.006500 -23.953285
-3.109520 -77.613724 -24.587238
-3.109509 -67.965607 -22.552042
-3.109497 -73.487335 -23.454229
-3.109461 -86.392410 -23.498138
-3.109422 -95.216545 -38.015942
-3.109413 -73.304947 -33.288818
-3.109376 -71.324081 -38.700279
-3.109340 -87.381073 -22.971481
-3.109338 -93.537308 -29.941847
-3.109296 -75.457565 -31.117107
-3.109269 -76.509384 -24.406843
-3.109267 -73.368103 -27.105253
-3.109247 -101.734016 -29.675280
-3.109213 -101.905777 -32.915005
-3.109183 -79.997719 -23.829790
-3.109180 -67.558937 -22.256245
-3.109120 -82.963692 -22.249769
-3.109087 -93.891457 -23.347031
-3.109080 -92.776482 -36.240894
-3.109060 -70.279358 -36.694401
-3.109057 -74.938744 -25.756083
-3.109044 -94.925560 -38.427265
-3.109035 -105.047058 -30.216625
-3.109033 -97.961777 -21.947447
-3.108913 -76.214851 -29.176264
-3.108888 -78.714531 -29.125877
-3.108860 -73.189262 -32.581795
-3.108837 -85.926132 -25.027884
-3.108835 -103.308205 -23.968042
-3.108798 -70.047989 -35.280216
-3.108772 -75.464661 -22.400993
-3.108769 -82.844467 -25.900810
-3.108730 -104.587852 -23.030119
-3.108698 -96.205215 -37.489380
-3.108689 -75.987022 -23.403973
-3.108647 -77.021126 -38.484207
-3.108646 -100.980286 -27.258184
-3.108593 -68.603676 -24.262270
-3.108571 -78.893387 -23.649452
-3.108552 -105.565880 -35.577770
-3.108464 -89.519531 -38.232288
-3.108455 -90.343513 -25.749693
-3.108450 -73.774796 -27.401236
-3.108404 -75.808182 -28.880497
-3.108382 -101.267738 -31.205063
-3.108301 -75.580353 -23.108185
-3.108283 -101.499115 -32.619308
-3.108279 -91.507477 -24.104668
-3.108278 -97.144890 -25.713968
-3.108274 -95.227196 -24.941830
-3.108271 -103.595657 -27.914970
-3.108243 -72.144547 -30.575968
-3.108196 -76.625084 -25.114132
-3.108186 -78.710999 -33.484093
-3.108182 -99.528885 -24.956480
-3.108148 -70.114700 -24.738630
-3.108126 -80.404411 -24.125813
-3.108092 -95.276176 -36.190666
-3.108076 -99.868866 -35.794037
-3.108072 -73.013977 -33.700302
-3.107975 -97.663719 -31.075081
-3.107941 -99.059052 -30.844261
-3.107922 -81.915443 -24.602135
-3.107722 -95.111511 -24.234806
-3.107627 -74.759926 -31.232792
-3.107619 -93.425186 -24.876913
-3.107558 -100.286179 -23.015676
-3.107527 -105.330978 -38.521805
-3.107500 -80.222038 -33.960491
-3.107479 -73.883408 -36.824707
-3.107470 -90.112160 -24.335627
-3.107397 -101.506218 -23.903254
-3.107273 -69.767654 -22.617432
-3.107266 -90.634521 -25.338625
-3.107195 -90.518837 -24.631521
-3.107148 -72.028877 -29.869032
-3.107121 -72.845772 -26.102638
-3.107081 -74.065804 -26.990196
-3.107046 -76.449799 -26.232698
-3.107042 -80.169510 -27.069860
-3.107036 -90.750214 -26.045776
-3.106922 -85.288109 -23.318115
-3.106905 -85.985779 -23.202705
-3.106850 -70.521400 -25.034693
-3.106799 -102.200348 -28.146036
-3.106783 -95.567192 -35.779613
-3.106778 -104.924316 -38.226078
-3.106767 -69.585274 -32.452091
-3.106760 -97.548050 -30.368166
-3.106755 -76.565491 -26.939859
-3.106684 -97.726898 -24.891701
-3.106640 -82.613129 -24.486929
-3.106609 -99.872429 -31.436178
-3.106554 -79.289467 -37.019932
-3.106542 -100.215950 -37.915630
-3.106525 -100.913620 -37.800220
-3.106482 -86.974442 -22.676098
-3.106458 -92.194542 -37.063850
-3.106427 -75.923904 -29.587933
-3.106422 -105.334541 -34.163887
-3.106397 -78.483200 -27.712057
-3.106356 -71.394379 -23.800982
-3.106354 -103.711380 -28.622398
-3.106255 -99.293999 -27.900665
-3.106226 -73.010460 -38.058704
-3.106130 -73.662689 -22.336401
-3.106058 -72.842247 -30.460911
-3.106002 -72.312798 -38.174152
-3.105947 -80.288765 -23.419054
-3.105898 -74.767036 -22.516876
-3.105878 -103.886688 -27.504097
-3.105847 -81.273880 -27.250492
-3.105811 -72.432030 -34.523201
-3.105780 -72.789726 -23.570250
-3.105727 -75.636467 -25.641212
-3.105716 -70.872025 -22.798122
-3.105681 -73.256020 -22.040625
-3.105616 -102.431740 -29.560459
-3.105601 -76.684738 -23.289063
-3.105580 -68.887627 -32.567696
-3.105571 -97.369225 -35.844837
-3.105565 -78.598900 -28.419306
-3.105565 -72.726570 -29.753878
-3.105474 -82.381775 -23.072891
-3.105472 -103.942764 -30.036770
-3.105441 -81.564873 -26.839294
-3.105370 -75.107018 -33.354504
-3.105259 -68.137436 -25.792458
-3.105243 -103.539635 -25.382858
-3.105240 -86.217178 -24.617207
-3.105208 -94.932709 -29.711695
-3.105201 -81.799797 -23.895464
-3.105175 -69.648460 -26.268759
-3.105122 -94.007210 -24.054792
-3.105116 -94.820564 -24.646496
-3.105090 -78.020470 -24.883812
-3.105075 -101.678009 -27.143354
-3.105007 -68.256668 -22.141514
-3.104968 -74.360374 -22.221178
-3.104939 -81.568428 -22.481277
-3.104811 -80.218536 -38.319031
-3.104801 -95.742523 -34.661560
-3.104775 -74.763512 -26.875158
-3.104752 -105.625557 -33.752895
-3.104663 -87.612518 -24.386475
-3.104648 -86.567787 -22.380547
-3.104621 -81.277443 -22.892593
-3.104576 -67.152328 -21.961145
-3.104535 -87.486206 -36.753677
-3.104526 -103.714951 -24.264597
-3.104522 -92.264824 -22.164375
-3.104505 -75.864319 -31.413740
-3.104466 -97.607704 -28.543047
-3.104398 -94.526039 -29.415976
-3.104324 -95.917831 -33.543259
-3.104271 -104.636909 -34.279652
-3.104252 -93.600548 -23.759085
-3.104211 -100.457993 -26.255943
-3.104210 -74.581131 -36.709827
-3.104164 -104.703613 -23.737978
-3.104151 -78.476143 -36.428623
-3.104129 -79.938187 -25.656107
-3.104125 -94.413902 -24.350807
-3.104110 -97.783012 -27.424726
-3.104075 -79.124832 -25.064415
-3.104038 -98.421066 -29.134819
-3.103978 -86.206566 -37.691711
-3.103952 -87.963135 -22.149834
-3.103947 -97.320259 -24.596296
-3.103927 -104.174164 -31.451252
-3.103906 -76.323532 -38.600395
-3.103873 -104.584389 -27.389011
-3.103862 -76.614525 -38.189137
-3.103856 -100.868217 -22.193752
-3.103837 -76.158859 -26.644485
-3.103812 -78.188705 -32.481842
-3.103810 -76.975761 -22.878092
-3.103782 -92.727585 -24.992952
-3.103765 -70.454750 -35.576889
-3.103733 -71.801094 -24.097261
-3.103727 -92.667969 -26.818455
-3.103725 -68.954353 -22.026308
-3.103721 -98.599915 -23.658392
-3.103719 -85.172470 -22.611525
-3.103575 -70.055161 -26.564871
-3.103539 -93.011490 -33.297928
-3.103477 -80.053879 -26.363329
-3.103413 -99.178352 -27.194014
-3.103357 -95.223724 -29.300732
-3.103356 -74.700371 -33.058983
-3.103333 -84.520248 -38.333904
-3.103186 -100.976830 -31.617174
-3.103174 -95.507629 -37.605698
-3.103153 -96.969673 -26.833183
-3.103086 -103.655357 -26.090324
-3.103075 -96.962585 -35.549393
-3.103064 -77.028297 -29.768919
-3.103044 -78.998528 -37.431767
-3.103018 -90.052612 -26.161846
-3.103013 -79.591141 -23.534946
-3.102959 -96.902969 -37.374905
-3.102950 -100.682297 -36.386578
-3.102941 -73.887024 -32.467350
-3.102904 -94.122932 -24.762270
-3.102891 -104.812233 -33.161499
-3.102848 -105.338142 -29.806372
-3.102847 -97.264206 -22.063869
-3.102846 -95.335876 -34.366028
-3.102777 -93.242874 -34.712280
-3.102726 -95.100960 -37.309921
-3.102637 -103.248688 -25.794546
-3.102496 -95.451569 -35.073200
-3.102449 -74.476105 -22.928703
-3.102421 -85.579170 -22.907587
-3.102419 -76.800476 -23.996696
-3.102386 -75.513748 -33.650841
-3.102359 -74.872147 -36.298866
-3.102303 -76.271027 -31.709949
-3.102288 -95.044899 -34.777386
-3.102249 -92.320930 -24.697353
-3.102189 -87.672173 -22.561386
-3.102166 -70.861450 -35.873001
-3.102088 -79.359779 -22.120869
-3.102084 -102.898087 -28.031393
-3.102037 -79.759369 -31.132927
-3.102006 -103.360840 -30.859863
-3.101863 -74.532181 -25.461407
-3.101861 -75.285919 -27.878599
-3.101787 -82.080208 -36.559055
-3.101780 -90.694229 -23.514027
-3.101753 -105.692307 -23.211695
-3.101730 -105.509918 -33.046276
-3.101711 -92.545227 -34.827869
-3.101708 -95.511200 -33.247837
-3.101700 -92.899376 -28.233015
-3.101641 -100.973312 -35.975525
-3.101623 -76.733788 -34.538517
-3.101566 -80.109985 -28.896248
-3.101532 -101.558838 -30.794918
-3.101524 -84.765831 -22.316032
-3.101502 -79.415863 -24.653572
-3.101463 -79.882156 -23.123936
-3.101439 -76.274590 -27.351992
-3.101420 -89.705574 -24.040764
-3.101400 -101.208229 -33.031696
-3.101394 -88.310242 -24.271595
-3.101368 -89.870247 -35.996693
-3.101364 -79.643692 -30.425922
-3.101297 -86.799217 -23.795322
-3.101285 -92.086029 -27.641380
-3.101278 -72.610947 -29.047462
-3.101262 -73.778450 -23.044310
-3.101208 -102.081207 -31.797935
-3.101188 -96.682251 -22.886667
-3.101146 -99.644684 -25.664743
-3.101057 -105.629158 -29.395401
-3.101040 -78.707573 -37.843357
-3.100949 -97.425369 -38.378197
-3.100871 -94.462936 -35.600143
-3.100866 -75.173790 -22.813549
-3.100813 -97.839134 -29.957872
-3.100753 -93.660217 -21.934164
-3.100729 -99.350159 -30.434174
-3.100699 -77.207184 -24.292828
-3.100653 -89.996574 -23.629625
-3.100603 -95.749680 -25.946047
-3.100564 -79.117798 -33.781189
-3.100529 -103.483635 -22.851021
-3.100509 -105.218948 -33.457737
-3.100405 -104.286362 -36.517040
-3.100339 -100.920799 -29.085033
-3.100329 -70.465431 -22.503151
-3.100283 -77.382492 -23.174519
-3.100231 -98.824257 -33.789391
-3.100084 -81.789246 -36.970596
-3.099945 -93.996658 -37.129936
-3.099852 -105.394264 -32.339466
-3.099803 -101.331032 -25.022871
-3.099782 -80.057487 -22.005833
-3.099779 -76.446373 -30.591984
-3.099735 -90.683624 -36.588657
-3.099726 -104.984039 -36.401737
-3.099589 -81.684196 -23.189266
-3.099547 -93.709221 -33.183167
-3.099530 -79.706886 -24.242630
-3.099503 -94.235130 -29.828039
-3.099483 -102.547523 -30.268574
-3.099389 -104.177780 -27.093893
-3.099317 -105.285667 -22.916243
-3.099272 -69.883469 -23.325851
-3.099245 -101.040047 -25.434227
-3.099088 -102.954208 -30.564489
-3.099008 -95.392006 -36.899261
-3.098989 -74.069481 -22.633417
-3.098971 -90.925644 -24.928715
-3.098966 -100.282768 -27.375177
-3.098957 -91.847603 -34.943729
-3.098940 -98.887436 -27.606009
-3.098856 -74.472610 -27.287390
-3.098841 -103.767570 -31.156231
-3.098794 -100.917282 -33.443386
-3.098784 -75.110664 -28.997480
-3.098669 -91.914307 -24.402086
-3.098661 -86.904320 -37.577164
-3.098570 -71.103508 -24.213518
-3.098508 -92.664505 -31.177406
-3.098505 -75.576965 -27.467884
-3.098504 -81.449295 -26.133314
-3.098436 -87.195313 -37.165939
-3.098415 -102.838531 -29.857485
-3.098405 -72.148247 -26.219475
-3.098348 -94.119461 -29.121113
-3.098304 -82.195953 -37.266739
-3.098296 -76.393867 -23.701519
-3.098286 -81.161850 -22.186514
-3.098274 -101.383583 -31.913828
-3.098247 -96.328148 -29.482004
-3.098229 -85.799980 -37.396797
-3.098168 -99.238052 -25.369379
-3.098156 -93.533936 -34.301773
-3.098145 -90.227989 -25.044264
-3.098131 -102.140869 -29.972944
-3.098122 -90.985275 -23.103361
-3.098073 -105.282143 -27.274544
-3.097993 -78.371185 -22.648214
-3.097936 -75.170296 -27.172127
-3.097900 -103.480133 -27.209549
-3.097889 -78.662178 -22.236967
-3.097697 -104.002502 -28.212547
-3.097644 -97.551735 -26.011555
-3.097625 -78.479790 -32.071587
-3.097610 -93.074738 -27.115303
-3.097606 -81.859528 -22.071211
-3.097454 -86.161224 -22.085871
-3.097442 -77.266853 -22.467867
-3.097429 -83.777237 -22.843378
-3.097327 -101.674591 -31.502718
-3.097291 -103.588745 -36.632961
-3.097285 -98.764687 -35.615364
-3.097259 -103.476601 -31.567753
-3.097233 -101.846352 -34.742455
-3.097202 -101.215385 -24.316181
-3.097177 -103.245232 -30.153538
-3.097074 -98.133728 -25.189119
-3.097065 -75.752289 -26.349741
-3.097046 -72.554939 -26.515547
-3.096981 -101.965584 -31.091511
-3.096941 -99.995354 -23.428673
-3.096929 -100.398491 -28.082624
-3.096834 -75.398148 -32.944633
-3.096802 -81.158333 -26.544855
-3.096687 -75.461304 -26.761066
-3.096645 -73.540062 -30.347034
-3.096595 -74.879326 -27.583609
-3.096555 -74.875786 -31.941715
-3.096536 -89.765266 -22.216068
-3.096524 -99.935745 -25.254234
-3.096465 -93.828499 -29.532684
-3.096412 -80.046906 -35.080681
-3.096385 -91.619812 -29.171824
-3.096243 -82.090927 -23.485662
-3.096214 -70.977226 -36.581085
-3.096165 -102.137352 -34.331364
-3.095979 -77.964539 -22.352694
-3.095951 -98.130203 -29.547403
-3.095923 -89.414673 -24.452925
-3.095909 -75.166786 -31.530556
-3.095843 -82.557228 -21.956085
-3.095842 -103.599396 -23.558901
-3.095842 -95.798737 -37.195629
-3.095815 -82.904289 -24.077435
-3.095778 -86.276939 -22.793259
-3.095772 -82.206619 -24.192854
-3.095675 -94.172028 -36.012257
-3.095609 -104.987648 -32.044312
-3.095592 -78.300980 -37.548397
-3.095442 -73.021263 -24.986166
-3.095422 -81.333656 -25.426702
-3.095396 -73.831070 -29.935974
-3.095239 -72.320053 -29.459713
-3.095169 -72.674202 -22.864868
-3.095109 -105.215492 -37.816719
-3.095103 -83.019989 -24.784664
-3.095047 -78.311615 -24.474188
-3.095003 -72.025520 -34.229115
-3.094988 -83.195290 -23.666306
-3.094986 -89.821365 -24.748928
-3.094967 -75.868011 -27.057198
-3.094950 -93.194016 -23.464754
-3.094908 -85.870277 -22.497551
-3.094865 -104.756287 -30.630203
-3.094859 -69.122711 -29.625578
-3.094792 -76.043320 -25.938848
-3.094779 -80.625366 -38.616520
-3.094773 -89.474304 -22.627621
-3.094744 -88.881691 -36.524452
-3.094726 -80.281853 -32.137085
-3.094698 -80.628914 -34.258434
-3.094611 -102.204086 -23.789928
-3.094596 -80.636002 -25.542252
-3.094587 -93.947762 -25.882006
-3.094513 -81.393288 -23.601358
-3.094493 -104.640610 -29.923149
-3.094477 -93.593613 -32.476879
-3.094473 -71.857315 -26.631380
-3.094395 -103.883324 -31.864071
-3.094390 -97.835693 -34.317020
-3.094363 -104.006104 -23.854992
-3.094335 -93.832077 -25.174932
-3.094302 -103.536263 -29.742743
-3.094292 -103.890411 -23.147890
-3.094232 -76.036240 -34.655140
-3.094215 -89.183319 -23.038975
-3.094157 -79.640266 -34.785198
-3.094038 -95.984695 -23.003248
-3.094006 -92.485733 -36.654617
-3.093992 -76.740997 -25.823565
-3.093938 -101.853485 -26.026794
-3.093929 -68.716049 -29.329878
-3.093922 -91.276329 -22.692783
-3.093813 -90.168442 -26.870462
-3.093778 -87.903679 -23.976988
-3.093756 -93.309723 -24.172062
-3.093754 -100.170708 -22.310816
-3.093745 -100.798134 -37.095192
-3.093736 -93.821457 -38.249329
-3.093477 -70.570595 -36.285683
-3.093457 -101.099754 -23.609678
-3.093428 -80.453629 -35.377018
-3.093417 -101.849953 -30.384979
-3.093355 -103.827271 -29.331635
-3.093274 -91.616318 -33.530430
-3.093255 -74.707619 -24.344433
-3.093226 -95.627022 -33.956337
-3.093124 -72.898521 -32.995628
-3.093091 -94.817207 -29.006557
-3.093076 -84.474968 -22.728676
-3.093007 -89.986069 -36.705170
-3.092916 -104.759865 -26.272423
-3.092909 -105.103378 -32.751865
-3.092854 -91.567337 -22.281693
-3.092839 -90.287689 -23.219637
-3.092813 -76.442940 -34.951221
-3.092803 -73.371910 -22.749842
-3.092795 -68.831757 -30.037178
-3.092655 -91.090416 -36.885666
-3.092577 -99.588745 -23.133535
-3.092575 -105.275146 -35.991642
-3.092551 -99.182068 -22.837688
-3.092538 -79.766609 -22.418280
-3.092477 -69.999260 -24.034075
-3.092463 -83.370636 -22.548338
-3.092365 -73.080925 -23.161177
-3.092299 -102.256645 -30.681011
-3.092283 -76.039810 -30.297358
-3.092195 -82.729042 -25.196404
-3.092066 -91.392044 -23.400200
-3.092002 -78.718346 -24.770536
-3.091962 -76.278282 -22.995440
-3.091934 -101.327614 -29.382256
-3.091934 -70.987930 -23.507486
-3.091928 -74.991547 -32.649586
-3.091814 -75.871605 -22.699614
-3.091813 -96.209023 -33.134041
-3.091780 -92.671700 -22.462305
-3.091593 -78.080299 -23.060524
-3.091590 -94.757614 -30.832296
-3.091575 -78.308128 -28.832855
-3.091563 -94.116020 -33.480320
-3.091538 -78.255600 -21.942154
-3.091426 -95.518448 -24.533318
-3.091298 -101.264465 -35.565952
-3.091238 -103.192795 -23.263802
-3.091218 -80.695671 -23.717310
-3.091150 -93.018768 -24.583752
-3.091088 -81.323097 -38.501709
-3.090982 -74.293892 -32.765152
-3.090953 -102.025291 -29.267002
-3.090765 -103.592392 -32.275928
-3.090764 -104.581047 -31.749250
-3.090617 -84.590698 -23.436192
-3.090545 -94.761177 -26.474367
-3.090498 -91.206139 -37.593132
-3.090361 -83.311050 -24.374174
-3.090332 -74.125687 -25.167439
-3.090276 -96.331818 -25.125206
-3.090264 -101.618629 -28.971264
-3.090241 -87.206070 -24.092978
-3.090203 -82.788689 -23.371235
-3.090103 -99.413483 -24.252317
-3.089987 -103.532791 -34.101547
-3.089942 -94.056435 -35.306076
-3.089911 -79.009369 -24.359613
-3.089856 -84.068344 -22.433352
-3.089633 -103.189278 -27.622164
-3.089627 -89.067711 -22.332609
-3.089603 -99.641319 -30.024727
-3.089535 -87.497070 -23.681829
-3.089509 -91.974068 -22.578091
-3.089506 -73.428032 -25.282986
-3.089493 -70.405983 -24.330414
-3.089485 -93.485092 -23.054382
-3.089342 -98.891129 -23.249477
-3.089308 -84.881706 -23.025143
-3.089274 -75.755959 -21.992914
-3.089262 -74.465675 -36.005154
-3.089217 -77.673660 -22.765060
-3.088929 -74.588455 -27.996124
-3.088900 -97.201271 -28.249739
-3.088859 -104.293633 -27.802727
-3.088795 -92.373665 -31.590256
-3.088790 -95.858459 -35.371288
-3.088763 -96.910278 -28.661024
-3.088692 -102.901840 -23.675482
-3.088610 -105.390892 -36.699402
-3.088489 -75.804955 -33.241848
-3.088424 -105.685432 -31.930071
-3.088389 -83.602074 -23.963232
-3.088383 -72.435844 -30.167946
-3.088231 -72.558624 -22.158886
-3.088203 -83.661690 -22.137770
-3.088195 -101.622200 -24.613503
-3.088189 -101.211983 -28.675753
-3.088183 -76.334412 -25.528664
-3.088145 -80.460800 -26.661682
-3.088107 -91.683098 -22.989582
-3.088051 -97.260895 -26.424385
-3.088030 -97.029526 -25.010160
-3.088018 -105.506592 -37.406612
-3.088005 -84.359360 -22.022390
-3.088003 -79.524673 -34.079090
-3.088001 -70.745987 -35.168198
-3.087945 -73.603355 -24.164864
-3.087850 -94.347458 -34.895157
-3.087829 -68.425156 -29.742138
-3.087689 -83.079720 -22.960382
-3.087639 -102.779083 -31.684738
-3.087636 -99.402893 -37.327019
-3.087616 -82.778099 -36.445957
-3.087558 -76.621864 -29.475601
-3.087500 -101.275154 -22.492273
-3.087434 -78.883087 -36.727203
-3.087399 -77.557999 -22.058243
-3.087388 -92.142319 -30.176256
-3.087359 -98.126793 -33.906906
-3.087354 -83.486404 -23.256287
-3.087334 -97.671127 -22.362253
-3.087295 -88.370079 -22.448404
-3.087271 -68.134171 -30.153494
-3.087261 -88.776756 -22.744259
-3.087127 -80.871040 -22.599600
-3.087042 -104.412895 -24.152039
-3.086813 -72.965324 -22.454969
-3.086777 -99.111916 -37.738422
-3.086741 -98.070732 -31.374399
-3.086720 -87.788109 -23.271025
-3.086712 -99.876289 -27.081327
-3.086676 -101.555527 -35.155441
-3.086669 -102.133965 -38.691013
-3.086667 -74.995171 -28.292345
-3.086473 -102.077896 -36.158440
-3.086332 -82.497757 -23.783131
-3.086253 -79.300415 -23.948948
-3.086066 -99.932365 -29.614040
-3.086054 -105.454094 -30.516228
-3.085974 -94.182816 -22.939541
-3.085916 -105.681931 -36.288578
-3.085873 -80.986748 -23.306919
-3.085842 -82.371452 -36.150394
-3.085809 -98.417809 -33.495895
-3.085732 -94.936554 -25.356775
-3.085699 -104.405823 -32.868458
-3.085639 -105.110580 -24.036854
-3.085605 -80.345154 -25.954983
-3.085469 -100.107681 -28.495760
-3.085447 -99.406471 -32.969276
-3.085352 -100.566887 -35.682335
-3.085332 -99.346855 -34.794788
-3.085309 -78.592133 -37.138813
-3.085166 -91.798836 -23.697178
-3.085118 -74.297523 -28.408010
-3.085082 -97.488777 -32.197197
-3.085067 -90.101875 -37.413582
-3.084961 -92.605103 -33.005112
-3.084917 -72.607658 -33.408234
-3.084883 -80.580086 -23.011230
-3.084826 -85.218208 -38.221516
-3.084731 -83.893120 -23.552567
-3.084646 -76.860374 -22.174107
-3.084567 -93.481621 -27.413284
-3.084553 -100.275909 -36.093731
-3.084505 -98.414284 -37.854206
-3.084494 -93.649841 -35.011116
-3.084491 -85.624893 -38.517418
-3.084367 -101.794022 -27.853849
-3.084182 -90.578819 -22.809786
-3.084177 -100.924599 -24.729572
-3.084067 -104.230553 -33.987103
-3.084038 -96.033844 -34.253689
-3.084030 -89.008179 -24.159016
-3.084002 -89.590164 -23.336493
-3.083953 -104.875687 -26.980999
-3.083766 -100.051636 -25.963430
-3.083735 -104.353333 -25.978071
-3.083559 -97.951546 -35.025902
-3.083352 -80.916542 -38.207123
-3.083140 -101.092834 -32.327564
-3.083017 -97.716637 -37.969864
-3.082811 -90.918816 -33.647552
-3.082794 -88.661140 -22.037874
-3.082749 -94.589539 -23.235918
-3.082728 -93.369507 -22.348372
-3.082721 -104.234116 -29.629221
-3.082694 -94.529930 -25.061420
-3.082656 -99.879890 -22.723890
-3.082607 -97.078590 -36.259850
-3.082415 -103.070160 -31.274326
-3.082409 -99.469673 -26.786180
-3.082309 -100.219872 -33.561489
-3.082298 -101.797600 -23.496088
-3.082156 -93.530647 -38.662483
-3.081968 -97.495911 -23.481506
-3.081823 -99.760674 -26.375011
-3.081747 -99.704605 -23.842419
-3.081718 -95.402916 -23.827787
-3.081717 -74.174805 -36.417652
-3.081609 -90.869850 -22.398943
-3.081499 -104.696884 -32.457878
-3.081499 -80.464447 -22.304668
-3.081365 -102.663498 -30.978647
-3.081363 -98.768478 -31.259863
-3.081359 -104.181610 -22.738737
-3.081354 -98.368889 -22.247816
-3.081319 -95.869209 -22.298212
-3.081069 -103.073723 -26.916447
-3.081058 -103.946693 -25.682657
-3.081017 -104.931808 -29.514086
-3.081015 -90.799606 -37.298832
-3.080935 -105.689095 -27.573195
-3.080876 -87.602264 -37.464657
-3.080871 -92.780472 -31.887400
-3.080771 -93.765587 -35.718838
-3.080700 -95.578232 -22.709576
-3.080676 -101.503090 -28.265717
-3.080472 -91.788277 -36.772243
-3.080353 -84.927292 -38.633511
-3.080343 -101.390953 -23.200556
-3.080252 -89.299232 -23.748369
-3.080106 -80.338150 -34.672081
-3.080052 -80.983292 -27.665968
-3.080036 -74.585052 -32.355675
-3.079845 -105.278885 -31.635620
-3.079716 -101.727394 -38.396301
-3.079714 -70.174767 -22.917782
-3.079618 -76.737679 -30.184011
-3.079478 -96.041000 -25.538233
-3.079474 -93.653465 -30.653837
-3.079230 -90.277275 -36.296158
-3.079174 -104.879311 -22.623680
-3.079155 -95.809631 -24.124058
-3.079087 -88.079216 -22.861008
-3.079019 -100.402313 -23.727449
-3.078998 -103.126282 -33.807491
-3.078882 -103.820412 -38.050198
-3.078728 -99.813255 -33.266224
-3.078723 -95.693947 -23.417013
-3.078613 -91.160881 -21.988169
-3.078586 -88.590958 -36.938354
-3.078546 -95.683319 -36.491341
-3.078474 -92.612289 -24.289970
-3.078365 -89.810989 -37.825939
-3.078206 -76.331024 -29.888391
-3.077852 -100.689781 -27.674477
-3.077837 -99.410133 -28.612419
-3.077690 -73.312531 -24.577801
-3.077640 -84.184219 -23.142460
-3.077610 -80.401352 -28.488895
-3.077584 -89.057266 -35.408875
-3.077539 -84.229668 -38.749382
-3.077384 -91.967171 -31.296268
-3.077343 -95.634354 -25.242731
-3.077055 -92.784073 -27.529924
-3.077047 -79.935066 -30.018629
-3.076938 -95.925354 -24.831533
-3.076795 -101.566315 -22.082758
-3.076733 -97.436378 -25.307854
-3.076726 -104.122063 -24.564987
-3.076702 -104.928329 -33.872890
-3.076702 -100.514496 -28.793041
-3.076656 -97.899132 -28.136324
-3.076642 -105.398170 -27.985159
-3.076555 -100.342735 -25.553345
-3.076328 -91.150291 -35.062840
-3.076265 -90.172264 -22.515228
-3.076117 -103.995758 -36.932270
-3.076102 -98.537193 -29.846495
-3.076010 -96.496719 -37.083454
-3.075994 -92.496643 -23.583261
-3.075833 -74.416901 -24.758541
-3.075793 -95.220619 -33.663334
-3.075731 -82.263008 -26.728733
-3.075720 -92.903328 -23.879156
-3.075691 -94.239044 -25.473827
-3.075385 -103.831093 -24.976469
-3.075333 -100.805504 -28.382002
-3.075163 -99.227783 -38.447433
-3.075147 -74.704361 -28.705490
-3.075134 -91.265991 -35.770149
-3.075074 -97.843079 -25.603975
-3.075026 -76.162857 -22.291090
-3.074719 -79.931557 -34.377110
-3.074640 -102.660057 -35.337845
-3.074615 -101.969482 -26.737064
-3.074443 -88.892647 -23.453466
-3.074311 -94.179451 -27.299545
-3.074281 -92.089996 -23.287691
-3.074231 -102.491852 -27.740091
-3.074163 -94.996353 -23.533171
-3.074147 -99.354118 -26.080416
-3.074107 -105.222908 -29.103951
-3.073992 -88.300041 -37.350365
-3.073987 -100.809074 -24.024122
-3.073955 -74.301247 -24.051735
-3.073951 -102.958145 -26.210495
-3.073840 -89.881310 -22.926889
-3.073721 -93.776329 -22.645693
-3.073652 -96.097160 -28.071791
-3.073593 -80.173584 -22.717222
-3.073569 -95.395950 -32.545319
-3.073550 -94.645760 -25.770027
-3.073202 -96.914070 -24.305466
-3.073084 -99.820427 -24.550947
-3.073075 -88.195000 -23.569103
-3.072906 -96.619537 -29.074879
-3.072766 -105.166855 -26.571562
-3.072652 -105.577080 -22.509333
-3.072577 -92.787689 -23.172556
-3.072571 -81.151627 -35.265011
-3.072437 -70.290565 -23.626083
-3.072397 -102.085205 -27.444540
-3.072397 -95.977951 -31.722980
-3.072375 -103.077400 -22.559767
-3.072246 -90.463318 -22.104622
-3.071971 -105.570000 -31.225643
-3.071875 -81.558311 -35.560974
-3.071838 -90.568382 -35.886101
-3.071712 -91.851570 -30.590080
-3.071703 -103.704834 -37.344254
-3.071556 -94.470490 -26.888731
-3.071358 -99.581993 -31.853199
-3.071288 -93.359055 -35.424538
-3.071161 -99.056091 -35.208366
-3.071141 -93.187302 -32.184841
-3.070795 -103.999382 -32.575039
-3.070725 -94.067368 -22.234917
-3.070519 -80.692451 -28.078789
-3.070505 -95.287399 -23.122505
-3.070442 -92.381042 -22.877054
-3.070146 -102.372681 -31.391743
-3.070104 -70.581596 -23.215200
-3.070041 -91.907669 -33.122959
-3.069965 -98.193771 -23.368053
-3.069959 -88.486038 -23.158348
-3.069819 -101.682106 -22.791012
-3.069407 -103.775116 -22.444839
-3.069324 -97.955315 -30.670128
-3.069206 -104.521774 -33.578262
-3.068985 -102.551552 -25.915455
-3.068942 -90.628036 -34.061081
-3.068887 -97.380432 -22.776529
-3.068727 -96.672134 -35.966267
-3.068692 -105.163376 -30.930326
-3.068571 -98.821213 -38.152660
-3.068354 -92.661438 -35.540428
-3.068321 -73.719353 -24.875181
-3.068176 -83.823135 -38.455059
-3.068160 -102.088814 -23.087133
-3.068136 -101.671501 -35.865585
-3.068066 -102.495491 -23.382998
-3.068057 -94.060318 -30.951551
-3.067783 -105.457924 -26.161112
-3.067772 -104.872398 -31.341742
-3.067536 -95.515282 -28.895317
-3.067374 -83.542786 -25.792156
-3.067347 -93.657196 -26.297718
-3.067332 -95.802727 -32.842186
-3.067284 -70.697327 -23.922775
-3.067246 -96.100807 -23.714737
-3.066706 -102.951172 -34.927876
-3.066456 -102.786507 -22.971998
-3.066401 -92.205803 -23.996092
-3.066160 -80.745049 -34.970207
-3.065988 -74.010384 -24.464298
-3.065982 -99.291092 -32.265339
-3.065829 -100.167603 -26.673475
-3.065816 -80.752144 -26.254065
-3.065792 -93.772911 -27.005087
-3.065706 -103.368500 -22.149591
-3.065706 -100.686424 -32.034557
-3.065498 -97.089493 -23.188347
-3.065455 -102.264160 -21.969196
-3.065360 -98.775818 -22.546278
-3.065292 -87.893501 -37.055935
-3.064934 -76.569695 -22.588589
-3.064884 -90.915550 -38.008579
-3.064728 -105.514046 -28.694218
-3.064700 -100.223694 -29.206266
-3.064535 -99.809929 -37.626640
-3.064505 -102.369225 -35.750763
-3.064468 -91.325775 -33.946396
-3.064334 -89.762230 -26.579426
-3.064188 -88.601814 -23.866405
-3.064068 -85.684830 -36.695263
-3.064061 -98.242844 -34.617825
-3.064038 -105.342293 -25.454609
-3.063890 -96.391853 -23.304022
-3.063839 -105.100296 -37.114712
-3.063137 -93.078827 -22.762833
-3.063133 -90.691292 -27.878437
-3.063016 -96.787910 -36.674313
-3.062927 -98.828384 -29.437382
-3.062881 -81.043182 -25.843279
-3.062854 -94.112930 -37.843109
-3.062447 -92.202324 -28.354837
-3.062376 -96.265556 -35.671452
-3.062369 -82.662811 -35.742966
-3.062332 -96.791466 -32.316326
-3.062218 -100.391953 -36.804493
-3.062126 -104.693642 -36.819141
-3.061881 -95.171852 -22.416798
-3.061872 -97.492683 -27.842888
-3.061816 -93.303139 -32.893478
-3.061653 -104.066231 -22.034842
-3.061569 -104.118759 -28.925560
-3.061538 -102.783043 -27.330900
-3.061436 -94.519630 -38.139191
-3.061357 -94.474190 -22.532297
-3.061102 -101.973236 -22.381170
-3.061085 -96.798569 -23.600330
-3.060994 -104.290527 -32.165375
-3.060968 -98.246437 -30.260229
-3.060889 -94.814171 -33.369915
-3.060772 -90.624626 -38.420513
-3.060704 -98.533890 -34.207108
-3.060688 -98.947655 -25.786762
-3.060658 -100.802193 -32.742496
-3.060488 -94.810638 -37.728081
-3.059812 -99.119423 -29.026627
-3.059736 -81.965179 -35.858807
-3.059681 -99.473579 -22.431791
-3.059675 -98.358604 -35.325653
-3.059671 -91.557228 -35.361408
-3.059669 -95.462875 -22.005896
-3.059645 -99.694321 -36.920326
-3.059628 -90.859558 -35.476830
-3.059589 -95.974609 -36.083172
-3.059526 -98.940582 -34.503151
-3.059495 -99.063362 -26.494072
-3.059457 -98.540993 -25.491112
-3.059251 -95.687172 -32.136391
-3.059160 -99.235123 -29.733847
-3.059062 -92.370590 -35.953209
-3.059034 -100.518318 -24.437828
-3.058916 -100.507690 -37.512146
-3.058915 -97.082512 -31.905621
-3.058862 -101.387749 -27.562164
-3.058733 -94.880913 -22.828577
-3.058715 -94.638901 -34.488647
-3.058573 -105.633369 -25.044239
-3.058380 -102.376411 -27.035564
-3.058338 -105.573761 -26.869768
-3.058271 -100.279869 -31.739922
-3.058039 -91.381950 -36.480053
-3.057854 -102.667412 -26.624388
-3.057363 -83.476242 -36.335484
-3.057362 -96.679398 -27.251923
-3.057267 -102.253654 -35.044830
-3.057057 -103.824295 -33.695660
-3.056951 -99.985352 -36.509502
-3.056923 -97.377075 -27.136581
-3.056790 -91.672958 -36.068993
-3.056681 -104.472984 -22.331503
-3.056628 -102.670975 -22.266487
-3.056482 -98.123734 -38.270046
-3.056476 -96.216667 -24.423611
-3.056459 -104.518433 -37.938446
-3.056419 -96.675873 -31.610176
-3.056377 -101.096794 -27.973833
-3.056369 -98.250053 -25.902882
-3.056270 -98.481430 -27.317125
-3.056192 -105.051430 -25.867155
-3.055993 -104.809425 -37.527256
-3.055913 -105.517731 -24.337559
-3.055258 -98.078308 -22.663342
-3.055058 -93.941292 -34.604660
-3.054816 -84.173950 -36.220486
-3.054418 -97.832779 -38.681648
-3.054397 -91.963989 -35.658123
-3.054188 -104.525551 -29.222616
-3.054179 -101.962715 -35.456600
-3.053835 -90.743965 -34.770660
-3.053537 -92.896591 -32.598976
-3.053526 -100.111725 -24.142876
-3.053359 -102.380035 -22.678286
-3.052566 -95.922195 -29.193613
-3.052293 -98.530479 -38.566582
-3.052252 -96.090416 -36.791485
-3.051987 -103.708687 -32.989372
-3.051983 -102.544731 -34.634430
-3.051724 -104.700897 -28.104641
-3.051430 -93.366455 -26.711580
-3.051400 -100.104675 -32.859421
-3.050986 -98.772507 -26.906725
-3.050933 -96.500656 -32.729450
-3.050463 -100.511368 -33.155426
-3.050430 -96.504204 -28.371433
-3.050238 -102.260857 -26.329781
-3.050224 -103.417725 -33.400925
-3.049703 -105.107605 -28.400822
-3.049581 -97.787415 -23.075531
-3.048974 -96.623459 -24.720686
-3.048856 -92.198997 -32.715157
-3.048539 -98.485092 -22.960289
-3.048280 -104.115425 -33.285831
-3.047962 -100.634178 -25.146749
-3.047431 -99.526299 -29.324499
-3.047379 -97.959206 -26.315613
-3.047157 -104.816650 -28.812500
-3.047145 -94.228867 -38.552788
-3.046014 -98.944344 -30.147257
-3.045531 -99.698090 -32.564529
-3.045472 -94.765427 -22.123627
-3.045470 -96.507828 -24.014145
-3.044958 -99.067131 -22.138346
-3.044777 -92.255127 -35.248428
-3.044730 -100.395767 -32.449249
-3.044579 -92.952797 -35.133049
-3.044517 -94.930115 -34.079704
-3.044478 -86.333817 -25.334242
-3.043418 -94.355240 -26.186211
-3.042910 -92.490074 -32.304863
-3.042394 -100.227592 -24.851809
-3.042183 -97.668297 -26.727724
-3.042113 -104.402969 -37.233673
-3.041627 -88.343140 -25.977423
-3.040840 -97.896149 -32.500271
-3.040766 -94.404266 -37.435452
-3.039266 -104.112022 -37.645401
-3.039076 -105.170929 -22.218964
-3.037671 -96.385178 -32.024502
-3.037019 -87.438278 -25.515898
-3.036784 -81.036499 -34.563740
-3.036479 -94.523567 -33.785164
-3.035988 -104.410149 -28.518475
-3.035886 -97.086418 -27.551281
-3.035713 -83.069908 -36.043167
-3.035657 -96.213448 -28.785109
-3.035449 -96.795433 -27.962616
-3.035402 -93.945145 -30.249769
-3.035373 -89.173615 -36.122883
-3.035319 -94.232597 -34.196617
-3.034401 -99.764969 -22.024656
-3.033460 -91.441956 -34.658577
-3.032665 -92.080017 -36.368786
-3.032390 -99.817528 -28.915691
-3.031926 -104.238457 -25.279415
-3.031882 -98.657120 -26.202730
-3.031814 -99.989296 -32.155506
-3.031232 -90.218414 -38.129486
-3.030446 -94.642891 -30.135166
-3.029730 -94.064468 -26.599710
-3.027166 -98.650101 -34.919697
-3.026064 -100.101524 -37.221657
-3.024942 -96.388916 -27.668482
-3.024693 -89.445915 -35.076687
-3.023177 -98.075272 -27.026678
-3.023041 -80.921028 -33.858868
-3.022718 -96.094421 -32.438206
-3.022585 -92.083717 -32.012329
-3.021447 -91.035461 -34.364685
-3.021094 -94.352051 -30.547956
-3.018720 -96.381927 -36.385696
-3.017979 -104.645355 -25.577543
-3.017383 -104.820663 -24.459263
-3.016492 -90.509636 -37.720631
-3.015423 -98.366386 -26.616680
-3.014340 -92.494072 -27.951427
-3.014054 -104.529724 -24.871071
-3.012049 -105.227425 -24.755985
-3.010680 -84.241348 -25.686001
-3.009684 -104.936470 -25.167635
-3.008580 -91.736877 -29.893274
-3.004964 -98.363007 -30.976488
-3.004660 -80.805634 -33.154755
-3.004145 -87.861656 -25.794249
-3.002834 -82.257065 -35.456833
-3.002745 -88.476463 -36.243622
-3.000469 -90.811584 -28.590662
-3.000463 -98.654068 -30.565960
-2.993153 -88.185623 -36.656452
-2.987397 -85.637047 -25.458975
-2.983624 -83.126106 -26.124697
-2.982656 -84.939453 -25.575163
-2.981339 -81.444054 -34.868645
-2.979532 -91.211426 -33.253151
-2.968714 -80.168144 -31.450546
-2.967095 -89.763306 -34.693375
-2.961060 -80.227882 -29.626305
-2.955647 -81.851135 -35.168690
-2.949294 -88.070625 -35.956497
-2.948347 -86.806870 -25.554119
-2.945443 -80.690880 -32.457310
-2.939913 -80.052910 -30.748135
-2.934732 -91.562737 -31.023710
-2.931283 -80.444550 -29.165495
-2.924263 -91.678589 -31.732534
-2.913552 -90.111580 -34.331917
-2.906222 -80.575806 -31.756601
-2.893376 -91.794762 -32.444691
-2.892637 -91.503784 -32.856075
-2.868697 -81.330139 -34.179920
-2.868565 -80.722923 -28.754578
-2.846184 -90.228653 -27.701925
-2.811871 -81.047203 -28.376135
-2.793587 -90.710022 -33.539574
-2.790004 -91.453125 -30.342991
-2.782284 -89.873741 -27.344769
-2.768946 -81.216019 -33.489094
-2.753636 -81.359734 -27.989386
-2.727699 -90.964241 -33.111568
-2.722781 -80.354263 -31.000332
-2.719682 -89.512604 -26.996161
-2.698514 -81.739487 -34.503559
-2.698255 -91.225464 -29.803022
-2.694026 -81.661789 -27.595222
-2.665895 -86.007141 -36.313595
-2.664410 -89.116356 -26.695829
-2.662415 -91.223076 -32.686821
-2.661678 -86.666084 -36.224304
-2.657617 -85.385742 -36.322750
-2.649128 -87.326668 -36.083817
-2.642518 -82.025574 -27.244736
-2.636289 -80.711174 -32.050667
-2.626654 -84.873024 -36.182514
-2.626492 -80.376877 -30.408453
-2.626197 -87.908165 -35.887371
-2.615785 -88.688255 -26.439272
-2.607647 -90.998512 -29.269972
-2.595493 -81.428940 -33.220341
-2.595036 -82.420021 -26.915947
-2.588548 -84.394539 -35.995224
-2.588289 -88.375557 -35.610195
-2.576745 -91.326591 -32.152187
-2.575350 -81.090530 -32.708736
-2.574620 -81.113228 -32.799805
-2.572657 -88.233826 -26.218914
-2.563994 -83.851112 -35.897194
-2.558159 -88.902206 -35.374943
-2.550877 -81.164841 -32.855865
-2.550645 -82.838028 -26.603825
-2.540533 -80.478195 -29.872255
-2.535284 -81.080009 -32.630283
-2.534157 -81.222656 -32.864567
-2.531575 -87.769592 -26.012030
-2.524667 -90.735008 -28.787159
-2.518244 -83.409248 -35.659569
-2.512511 -89.310631 -35.056038
-2.509714 -83.282387 -26.310350
-2.496741 -87.275421 -25.846296
-2.477922 -83.796379 -26.066143
-2.473745 -91.298088 -31.524134
-2.470640 -86.739418 -25.738073
-2.465292 -81.197548 -32.947899
-2.463776 -89.695541 -34.720501
-2.463391 -80.646683 -29.383591
-2.462928 -83.013206 -35.358944
-2.456409 -84.388672 -25.877337
-2.451684 -86.169174 -25.676907
-2.449071 -84.859581 -25.787045
-2.447921 -85.526146 -25.715797
-2.442323 -90.468460 -28.308537
-2.408043 -82.615097 -35.061161
-2.407063 -90.019669 -34.341953
-2.392450 -80.862419 -28.928349
-2.374504 -91.298210 -30.916340
-2.368254 -90.162270 -27.884411
-2.354260 -82.211716 -34.770630
-2.349140 -90.334579 -33.956886
-2.327131 -80.731491 -31.643995
-2.324708 -81.102516 -28.490351
-2.311530 -81.002167 -32.472385
-2.299437 -89.830910 -27.494873
-2.286384 -81.875854 -34.387287
-2.285859 -90.608665 -33.542938
-2.273277 -91.283203 -30.297840
-2.260656 -81.370735 -28.072248
-2.257591 -80.576981 -31.232990
-2.249005 -81.176697 -33.089336
-2.233867 -89.484001 -27.126719
-2.216610 -91.176880 -29.961039
-2.216043 -90.832962 -33.093758
-2.201347 -81.622208 -33.890930
-2.200975 -81.672249 -27.677698
-2.183080 -80.904625 -32.296638
-2.169621 -89.130745 -26.767284
-2.159097 -80.582802 -30.629229
-2.146968 -91.062912 -32.648575
-2.144115 -81.995262 -27.298363
-2.144096 -86.150932 -36.207172
-2.139589 -81.257034 -33.547882
-2.136369 -85.526894 -36.219952
-2.132186 -87.155113 -36.037510
-2.122539 -90.966515 -29.405184
-2.115603 -88.728485 -26.475208
-2.111856 -87.756424 -35.855083
-2.108776 -84.998032 -36.101910
